19;-1.36331,8.00312,-0.30253
-2.25137,7.75078,-2.97604
3.55288,8.73611,0.23952
-0.03092,11.94782,-1.11742
-5.38370,4.53551,2.10830
-4.51086,13.73358,0.20213
0.00020,2.37746,-3.21678
-0.47525,8.25546,2.37099
-1.37891,12.19393,1.55135
-0.48322,8.27058,6.11261
-2.71913,10.04745,3.69528
0.86507,11.59067,-1.38134
-4.47974,4.16323,-1.89723
-4.50332,8.36917,3.69826
-2.25132,8.34514,-3.78023
-2.24349,6.54692,-5.10927
0.42857,6.10008,0.77804
-4.95508,11.22995,2.08215
0.42872,7.88318,-1.63454;
 Rot vector:
-0.83358
-1.02537
0.51714