18;3.58874,7.99645,-2.04393
-2.58304,0.83241,-1.27867
-1.89302,10.02677,-3.72563
-6.93504,9.65568,-0.82041
-2.12672,3.81246,6.77807
-3.61504,10.58171,-4.57808
-6.83054,4.31132,4.87405
-7.66605,3.75123,-3.18748
-1.28417,8.06034,-1.54333
-1.14057,9.33287,3.68735
-6.83054,4.31132,4.87405
0.98021,9.66643,4.31270
-6.64188,8.05474,2.23754
-5.48473,4.10332,2.02001
-5.35959,9.90121,-1.49693
-3.34441,7.74533,2.41346
-1.89410,2.19297,5.25388
-3.89271,9.73031,4.81330;
 Rot vector:
-0.53179
-0.05950
1.17514