19;-10.33038,-2.26542,-1.46668
-4.93021,-3.94998,-1.44593
-9.37884,-3.99693,-4.13060
-10.32372,-4.64113,-3.29860
-8.92887,-2.50432,-0.06002
-3.01394,-7.26546,1.76895
-13.16499,-4.19804,1.02931
-10.63929,1.54012,2.33101
-8.49210,-1.15925,-4.53215
-6.51771,-6.66821,-1.74771
-4.59649,1.92958,3.48554
-6.47291,-4.11026,1.48569
-7.07740,-1.25062,5.41723
-5.79201,-2.00152,-4.52178
-6.62730,-4.65697,-2.71875
-8.67809,-4.11638,-3.42727
-9.77082,-2.78405,3.57494
-13.40911,-4.96169,2.56464
-4.80234,1.20063,-2.12037;
 Rot vector:
-1.08465
0.34925
2.68215