19;-0.08991,-8.31262,2.98199
1.43517,-8.17683,-0.28232
-4.81940,-5.33372,-4.61789
-1.56427,-5.51537,3.02222
-3.83110,-3.77434,-2.25323
-2.69080,-5.77915,4.93568
0.16352,-6.01073,1.35808
-2.07113,-10.11915,6.27003
-3.36807,-3.23790,2.27423
-2.43274,-4.78950,-4.70558
-0.27423,-11.26231,2.46683
0.12432,-11.39031,1.11599
1.67708,-3.42841,1.55994
1.90283,-8.95263,-3.77222
-8.18746,-8.57162,-2.34366
-1.40764,-10.39179,-0.17089
-2.67240,-9.35999,6.02070
3.49239,-8.15240,-1.15823
0.18192,-9.59157,2.44310;
 Rot vector:
-1.14263
1.51912
-2.45150